0 0.0395383197547232 0.0332062727715272 0.000133344426049613 0.00138873656922181 0.00448057078804092 0.069477016034046 0.0456068503580884 0.0566661408852231 0.000505698117735973 0.0033558706198822 0 6.9872590244799e-05 0.0341589323070468 0.00212566253553895 0.0706530133079158 0.0061621010317752 0.0020322506815551 0.19422287972913 0 0.00081224499184213 0.0239975947294818 0.185070638173505 0.00137794956620373 0.0620831272679904 0.00767565330454762 6.88873341917687e-05 0 0 0 0 0 0.0185618344238005 0.0244418327543319 0.0643226476455266 0.00999871386994403 5.47977698517507e-05 3.41854604569395e-05 0.000548341201203641 0.0472194643504099 0.0283797096212019 1.21971398660148e-05 0 0 0.000125794490725372 0.000150303830976931 5.58083211668723e-06 0 0.000104061007939588 0 6.2998916157865e-05 1.33198861120227e-06 7.0540758232611e-05 0.0228929539537213 3.74031580064404e-05 0.05026763058481 0 6.4420234819157e-05 0.000903406059484902 0 0 0.000811054218360696 0.00149695061457044 0.000193800448407414 0 0.000192605574141976 0.000163591837450043 0.00769254623951134 4.80744534814934e-05 5.94212379228227e-05 3.24735533846151e-05 0.00641306818475311 0.0238122427649146 0 0 0.000539254094328746 0.000169898358877344 1.7413621097288e-06 0.0169408409635474 6.34189033542621e-06 0.00124171632948265 0.000226308839749381 0.00458652017099324 0.0363184166112448 0.000799614325516053 0.0638693911174322 0 0.000868281998214521 0 0.00782757837505817 0.00346761181444824 0.0082512510631409 0 0.00446763099371696 0 0.00140177667512014 0.000133609416720201 8.25699088693095e-05 0 0.000106221664776974 0.0146776635913841 1.17788421302044e-05 0 0.0185744129723132 0 0.0176493516500125 0 0.0745490065539544 0.021758660329263 0 0.0017871496852813 0 0 0.000156762847747404 0.0032819346245303 0.00580719254330305 0.00593933860116162 0.0139191603548224 0.0126385158687897 0.015010607715782 0 0 0.00017201810155058 0.00249534360885967 0 0 0.000502079947803892 0.000231026770258277 0.00666329210602643 0.000106175809531928 0.000112366111253441 0.000130597091698668 4.21447937284108e-05 0.000112366111253441 0.000126165962976726 1.8092526553607e-05 0.000224785437376072 0.00117630803830263 0.000422150166195767 0.0109156951636842 0.00226437843780098 0 0.00230313544290999 0.000148599119890412 0.000317989743149291 0 0 0 0.0204129613530046 0.00106805195212968 0.00017828860062324 0.000167151026580167 0.000772419234753467 0 0.00159898864701988 0.00114203053403686 0 0.00192863021732095 0 0.000463214639551709 0 0.000194838691905327 0 0 5.91459132370069e-05 0 0 0 0.000117533593623951 2.42519880868906e-05 0.0179462343723081 4.21126418625871e-05 0 3.30270051805569e-05 0.00029006793732257 0 6.91725112722721e-05 0 0.000966334530248126 3.50061051586015e-05 0.142682785424945 0.0106204660093255 0.000606156720755981 0 0.000493695464534784 2.63771535530478e-05 0 6.80322381289974e-05 0.00341434740203861 0 0 0 0.000350838712716001 0.000275705115839393 4.1934678399738e-06 0 0 0.00153197157355061 0 7.19591888673762e-06 0 0.0224453196633473 2.46812470358044e-05 9.04552608565074e-05 0.0286396744589047 0.000105464760756485 0 0 0.000132016440366053 1.86362155270066e-06 0 0.000449556165637781 0 0.000253169719694913 0.000132743792546623 0.0264937905037944 0.00924946270464121 0 0.0230008459474014 0 0 0.0150313870109653 0 0 2.01470748314295e-05 8.61136576449986e-05 0.0263902658294838 0 0.000153030983001988 0.0485660653234847 0 0.0670876503068784 0.0494967668522989 0.0338048732493913 0.00542432682749932 0.0298950680439789 0.00281625648315057 5.81596985808401e-06 0.0199421276814587 0.010578956263625 0 0.000112139209620267
0.0395383197547232 0 0.2272207917771 0.000616373490892256 0.00558868416579699 0.00270671164471643 0.061099800485522 0.0350236953611379 0.00834366352240938 0.00212845058311367 0.00313433790517339 0 0.000325325997205777 0.0203429331003867 0.0113573032478536 0.0593442949771494 0.00468865968642539 0.00863474691548574 0.0240717995389609 0 0.00260276833184359 0.0162851363884101 0.0265400122580632 0.00495426959958171 0.0556087577034257 0.00494902193752373 0.000107479721039844 0 0 0 0 3.29515940712745e-05 0.0119245650512918 0.0192520004340571 0.0386035474785796 0.00671543707439087 7.13853976350896e-05 5.25089579419299e-05 0.00240619619756169 0.0406357787391362 0.0162503305754372 2.86548268350022e-06 0 0 0.000475741584659147 0.000884688918189803 8.11164059831606e-05 0 0.000391732552345608 0 5.76368524653356e-05 8.60767520235821e-05 0.000100541659517096 0.0258309838572367 0.00012212906337573 0.0428614451436972 0 0 0.000307984669682043 0 0 0.000919259115668708 0.000670738485978958 0.00109743156521166 0 0.000523735825891798 0.000788342873666964 0.00437075928834319 0.000143845085549589 8.37525102732948e-05 0 0.00772028403946737 0.0193241970178043 0 0 0.000515068778728809 0.00113642795860112 0.000176529922936483 0.0153177220244521 2.1033519026431e-05 0.00543474131331964 0.00134205598788806 0.00274290250653251 0.0304964975317485 0.00326502525937776 0.057278735805773 0 0.00325876990511037 0 0.00421853697212937 0.00253623929986147 0.036101149861911 0 0.00247469283488148 0 0.00101503954567401 0.000432069457153463 5.19755695054693e-05 0 0.00058956859416281 0.0125425410918661 5.13834825908958e-05 0 0.00396910564400044 0 0.010536953024086 0 0.0477043525167524 0.128383372051614 0 0.00126382189728229 0 0 0.000452916071639552 0.014059369557498 0.00410151954643168 0.00567073086883877 0.002310122595786 0.00172024049701466 0.0112186753580703 0 0 0.000832323383933968 0.00813854762209485 0 0 0.000649253395208003 0.000642142691637515 0.00116254452187855 0.00026235419358161 0.000170507608843375 0.000205465368633104 9.33505828252915e-05 0.000170507608843375 0.000317436401849346 9.14046416099489e-05 0.00192917770091546 0.00175610982806197 0.00247988599158645 0.0263132762309037 0.00684107580676585 0 0.00195849693810576 0.000615587452198989 0.00110249227413068 0 0 0 0.0173474002697062 0.00481826604819224 0.000567162564337711 0.000920609651639656 0.000581546845542998 0 0.000924020768753279 0.00345587308885203 0 0.000999800728598851 0 0.00161359795051329 0 0.000908392608014127 0 0 0.000196567982014786 0 0 0 1.5285278302203e-05 2.0828796632385e-05 0.0112831260122752 0.000319409172903691 0 0.000126720153124725 6.87020206593533e-05 0 4.71098194174546e-05 2.55198412836143e-05 0.00356699405864223 0.000287483887560329 0.0173604943120476 0.00639329581302775 0.00268558413606814 0 0.0015933341990521 8.33627394370079e-06 0 8.92803753837018e-06 0.00219589141984421 0 0 0 0.00116124299386213 0.000261530823154123 4.79123765686432e-05 0 0 0.00074801113235294 0 0 0 0.0142400374352041 3.73635555887622e-05 0.000166215794749651 0.0255418893084071 0.000222762163907248 0 0 0.000735637363489729 4.58132920733022e-05 0 0.00165865030021114 0 0.000490139881141772 0.000596786939348715 0.00361822152806274 0.00873816302603331 0 0.356917361281771 0 0 0.0080789622125644 0 0 1.44253097245963e-05 0 0.0158540483402564 0 0.000169806211543521 0.0286809652522587 0 0.0129100784149152 0.0419537195493211 0.0216883420268111 0.00111984112095651 0.0183175105569999 0.0132043888168695 0.000123448375510543 0.0112332260445472 0.0087561825853301 0 0
0.0332062727715272 0.2272207917771 0 0.000345231591593128 0.00255868947944625 0.00190423472723903 0.0528057096726893 0.0299056858052107 0.00690126199624374 0.0022351243896003 0.0022209188482421 0 0.000208124712186829 0.017165760466197 0.0092765698785317 0.0514562371476397 0.00423316548414099 0.00889348126570231 0.0207707571188028 0 0.00203836724960096 0.0144046921992027 0.0228005045769997 0.00494954255161328 0.0463478207488331 0.00390410514347376 6.46770190080921e-05 0 0 0 0 3.29515940712745e-05 0.0107920487483691 0.0164904324266959 0.0326127547547789 0.00598747427111047 0.000270333348270256 4.11127660192304e-05 0.00214879174010953 0.0354166514219527 0.0153289595556904 0 0 0 0.000207311296822077 0.000831273055080802 6.16080669807104e-05 0 0.000502876097779206 0 0.000215274735901608 4.89565091742719e-05 9.25379765507812e-05 0.022051266348286 2.92535283832755e-05 0.0373042403612956 0 0.000715147209587241 0.000284222630362155 0 0 0.000776783387807645 0.000868337092252563 0.00103046265196898 0 0.000657394846038492 0.000354427892255592 0.00366169442367277 0.000125276930094131 7.24741901087256e-05 0.000168315101899135 0.00621746134185732 0.0154730615569448 0 0 0.000638019439432238 0.000663924490406534 0.000177995564615089 0.0131512097971048 1.76994154780076e-05 0.00547893550826199 0.00112859882114557 0.00242405027046269 0.0270027351465091 0.00324808352040596 0.0488380894582864 0 0.00298951795232349 0 0.00359800426961291 0.00204868405922661 0.033934543333592 0 0.00254965983642535 0 0.000751676816706954 0.000478573614067203 8.49516947508937e-05 0 0.000610911737989973 0.0113862328035844 4.46951032277448e-05 0 0.00354851856443236 0 0.0092461670866652 0 0.0418088191301835 0.258607945913378 0 0.000933253879815982 0 0 0.000311663661744344 0.0133635660011113 0.00330974059431671 0.00406791055173389 0.00179429407296393 0.0016004921923402 0.00839947866456849 0 0 0.000623475870145472 0.00744018966369094 0 0 0.000757713703228447 0.00094067681670654 0.000755345740294879 0.000132109692604142 0.000152684870904249 0.000305789676824547 6.86003736390311e-05 0.000152684870904249 0.000298621231680836 0.000151022469223586 0.00199831068542849 0.00206722170324798 0.00283976330017656 0.0234204912925917 0.00612667589187355 0 0.00177797589655408 0.000418086150419551 0.00130996369687435 0 0 0 0.0151593175387409 0.00217993265546507 0.000705458905204173 0.000274374455347204 0.000295337735063562 0 0.00064353193980487 0.00276329879777433 0 0.000915271752499428 0 0.0010198659196049 0 0.00039234547445408 0 0 0.000411801831784995 0 0 0 6.20919220735902e-05 0 0.00932386089465152 6.34533422785066e-05 0 8.447882057291e-05 7.6781514411791e-05 0 0.000132236560423621 4.66041364116801e-05 0.00271904132524188 0.000362836956613856 0.0144717260566241 0.00473579851013263 0.00131734319349327 0 0.0016815627370642 0 0 0.00013648120867529 0.00166751088424362 0 0 0 0.00104592008875733 0.00010667101527649 4.22993292865376e-05 0 0 0.000615368255065583 0 0 0 0.0124422975686265 9.47126844926235e-05 0.000281656198354969 0.0222306616652077 0.000274300535725661 0 0 0.000724939282145426 2.45069142273671e-05 0 0.00148078520949162 0 0.000566498804529829 0.00051104795587433 0.00290635396262074 0.00825400078698188 0 0.147784563335325 0 0 0.00652575293066083 0 0 1.08279791030988e-05 0.0003933910306845 0.0124573683654357 0 0.000141201350602114 0.0246630242114956 0 0.0107705584453739 0.0359500491852326 0.0170129774225055 0.000950877399400748 0.0157752056927004 0.0123913289781256 0.000144319716851307 0.00989891416506308 0.00662740054762246 0 0
0.000133344426049613 0.000616373490892256 0.000345231591593128 0 0.0103977400332018 0 0.000128067702467795 9.26173930328593e-05 8.59455018728842e-05 0.000342433163342865 0 0 0 0 0.000180078173977502 0.000111901362870657 1.70444057716901e-05 0 1.43047538447036e-05 0 0 2.64976498204932e-05 4.10325303897988e-05 0 0.000155355008547738 0 0 0 0 0 0 0 1.08113854238917e-05 0.000115106030595427 5.84109972705284e-05 8.63515930921903e-07 0 0 0 0.000101147883437283 2.76327818469318e-05 0 0 0 0.00300374553657127 0 0 0 0 0 0 0 0 8.88650589653119e-07 0 9.80062163022747e-05 0 0 0 0 0 0 0 0 0 0 0 3.05417008025056e-06 0 0 0 0 2.13768383848663e-05 0 0 1.7860483443419e-05 0 0 7.51526047785146e-06 0 0 0 0 0.000108676876797049 0 0.000169826647261564 0 0 0 0 0 0 0 1.99224753675045e-05 0 0 0 0 0 0 0 0 0 0 0 1.99224753675045e-05 0 0.000161735408316092 0.000470990205074667 0 0 0 0 0 8.95981208995375e-06 5.40864297852096e-06 0 1.44558767086442e-05 0 2.58453013678097e-06 0 0 0 7.71333683123917e-05 0 0 0 0 0 0 0 0 0 0 0 0 0 1.96680102461229e-05 0 0 0 0 2.35419546359568e-05 0 0.000130883521577154 0 0 0 6.69758560594812e-05 0 0 0 0 0 0 0.000320512443845296 0 0 0 0 0 0 0 0 0 0 0 0 0 0 6.29429223524724e-05 0.00800504672444189 0 0 0 0 0 0 0 0 6.03281586050574e-06 0 0.0865303291329902 0 0 0 0 0 0 0 0 0 0 5.92790559093926e-05 0 0 0 0 0 0 0 8.88650589653119e-07 0 0 1.85633431458439e-05 0 0 0 0 0 0 0.00220291812086915 0 0 0 1.95070931477659e-06 1.76167383451961e-06 0 0.000136978707577576 0 0 3.88364254993175e-05 0 0 0 0 0 0 0 6.64472479769065e-05 0 2.08070235978675e-05 0.000123116006796213 9.59720971659332e-06 0 1.33850481141624e-05 0 0 0 1.16446407538427e-05 0 0
0.00138873656922181 0.00558868416579699 0.00255868947944625 0.0103977400332018 0 2.40531164257748e-05 0.00312129072887815 0.00149125295468906 0.000400159867476933 0.00278346818826832 3.94303441848131e-05 0 0 0.000354828348314176 0 0.00310653924407268 0.000106692098480173 0.00304179285643512 0.000519814178031566 0 0 0.000279617724230729 0.00037133431543314 0 0.00276114071627492 0 0 0 0 0 0 0 3.63860297568688e-05 0.000597452937154395 0.000900334683684435 7.04103080314326e-05 0 0 0.00389640532511601 0.00205075899382956 0.000189498987463439 0 0 0 0.00197423857302238 0.000594609486885647 0 0 0.000185829098996632 0 0 0 0 0.000420058265543517 0 0.00234244156358261 0 0 0 0 0 3.89229228993391e-05 3.78921078274378e-05 0 0 0 0.000376037865390559 0 0 4.14669581603557e-06 0 5.95080111911404e-05 0.000460163308141166 0 0 6.00367849871183e-05 3.57048641792103e-06 0 0.000181606016144325 0 0 0 0 0.0013740210366443 0 0.00285740328273691 0 0 0 5.63744547061975e-05 3.47154256546523e-05 0.000492578360698354 0 1.99224753675045e-05 0 0.0001066831996034 5.11725328711292e-05 5.07538562789293e-06 0 0 0.000131259671276255 0 0 6.52351180759276e-05 0 9.50212458402616e-05 0 0.00125727326735348 0.00166890277223237 0 3.33601528655147e-05 0 0 0 0.000897315897848007 5.77291102926195e-05 9.13513434484408e-05 6.03428678498649e-05 4.44596186304823e-05 0.000182851579861905 0 0 0 0.00446013433506396 0 0 0 0.00383626776748649 0 0 0.000337790978914775 0.00123563043219196 0 0.000337790978914775 0 0 0 0 0.000114353364477185 0.00154540534887904 0.000286926763856294 0 4.80438449138621e-05 0 0 0 0 0 0.000373313906778423 0.00271474929920447 0 0.000124430988221085 0 0 2.90928352326073e-05 0.00107334672733445 0 0 0 0 0 0.000516912599538183 0 0 0 0 0 0 0 0 0.000363450451993604 0.0466256176004952 0 0 0 0 0 0 0 0 0.000637791692412427 6.90195154957432e-05 0.0359849137103419 0 0.000328851190319565 0 0 0 4.07898779802808e-05 0 0 0 0 0 0 0 0 7.68762321662372e-06 0 0 0 6.71938352530698e-05 0 0 0.00109674651894301 0 0 0 0 0 0 0.000224669303406469 0 0 0 4.25799889722455e-05 8.76816381005518e-05 0 0.00146255857054165 0 0 0.000266659455214226 0 0 0 0 0.000195155032443369 0 0 0.000621040474391786 0 0.000218185035948547 0.00204929704669762 0.000369993025641083 0 0.000342957580947937 0 0 0.000180048751874124 0.000125639280247832 0 0
0.00448057078804092 0.00270671164471643 0.00190423472723903 0 2.40531164257748e-05 0 0.00672193288382447 0.00198290040080659 0.000277298488264171 0 0.000199562273113086 0 0 0.00833145950813584 7.05384793513425e-05 0.00679720643369329 0.000200533779086379 9.13983944144993e-05 0.00244545026767376 0 4.12750260316072e-05 0.000728711384191663 0.00391742147920394 0 0.00605497995133373 0.00242956291777745 0 0 0 0 0 0 0.00216686154830937 0.000983936457797462 0.00634974983101266 0.000610665347595453 0 0 0 0.00478308814003943 0.00683141290693543 0 0 0 0 0 0 0 0 0 0 0 0 0.00119717824664116 0 0.00480574431748276 0 0 0.000108327482276849 0 0 7.27236883028663e-05 0 0 0 0 1.5831445172251e-05 0.000578654211982426 0 0 0 0.000262305798600203 0.000853839074125786 0 0 0 0 0 0.00122793386894606 0 0 1.60571754529932e-06 0.00040897590204561 0.00346995498112332 4.71039737028794e-06 0.00636778214485817 0 2.25440322858243e-05 0 0.000616863275991979 9.21898397763441e-05 0.000313673768847731 0 0.000326460556922778 0 7.14659193775388e-05 0 0 0 0 0.00126983117902218 0 0 0.000365137882609315 0 0.00157236240010266 0 0.00555072333348152 0.00184643530966509 0 8.6549614405404e-05 0 0 0 0.000298398399333151 0.00024122498675145 0.000129240274785183 0.000109828205650871 0.000267136383285067 0.000517893199329779 0 0 4.27016263380224e-06 8.19968188803119e-06 0 0 3.10628790514579e-05 0 5.25830624834611e-05 0 0 0 0 0 0 0 3.46270675326535e-05 1.23652298824435e-06 0 0.0017975208642358 0.000157739451527494 0 6.30534447524206e-06 0 0 0 0 0 0.00190265097818199 6.47390753307487e-05 0 0 2.65840978389723e-05 0 8.48571373983907e-05 1.45810390926097e-06 0 3.60334363748622e-05 0 0 0 1.1762427124366e-05 0 0 0 0 0 0 0 0 0.00420351496019752 0 0 0 0 0 0 0 1.26593163616939e-05 0 0.00213890240716708 0.000397758327711952 1.1762427124366e-05 0 0 0 0 0 9.92599994002973e-05 0 0 0 0 0 0 0 0 8.08350452549942e-05 0 0 0 0.00161295947095013 0 0 0.00243322913069076 0 0 0 0 0 0 1.91187571115056e-05 0 0 0 0.000258599215843917 0.000332765826103467 0 0.0012159200415887 0 0 0.000949581918944142 0 0 0 0 0.0028433119977142 0 0 0.00499561537053915 0 0.00105193295773435 0.00509938348495478 0.00248043096281877 0.00010845313025768 0.00214142474116171 0.000121111721408374 0 0.00250088438138691 0.000288158321749094 0 0
0.069477016034046 0.061099800485522 0.0528057096726893 0.000128067702467795 0.00312129072887815 0.00672193288382447 0 0.0635814146686026 0.0192493402958255 0.000927514861682775 0.00951346471500505 0 0.000183738354368871 0.0424728458694888 0.00374776556980465 0.213126990980633 0.0101985252130645 0.00250947707079797 0.0446442397021157 0 0.000891695727707549 0.029952710840938 0.0502251389676262 0.00109972831380397 0.359198964913871 0.00935045966024393 0.000251052244417071 0 0 0 0 4.24423590112825e-05 0.0231863893074569 0.0370751478046672 0.0713782143179878 0.0101016530721366 0.000109149872919569 3.67566907434473e-05 0.00125081616641856 0.154215350270112 0.032590338461434 2.86548268350022e-06 0 0 0.000260437883371706 0.000324850517480895 3.30846942011766e-05 0 0.000103575780205866 0 0.000148151408117946 0.00023543185396115 9.92442399413274e-05 0.0398732450142099 5.96698358770378e-05 0.158327990674334 0 0.000151770262712537 0.00141131657441581 0 0 0.0015573857756493 0.00169339387840761 9.23826499533524e-05 0 0.000275313130245196 0.000385323856982785 0.00723988126689563 6.78264099754195e-05 8.24665573363758e-05 0.000140555376221818 0.00876104206088222 0.0323509822878838 0 0 0.00164406707383004 0.000404207750265611 2.57234918001812e-05 0.0301352599468782 4.57247985283047e-05 0.00114177419779021 0.000488943262253765 0.0049204134495143 0.209374309786566 0.00059577688698021 0.193479242385607 0 0.00115960959533779 0 0.00942542407558721 0.00380192392109667 0.0120746288732897 0 0.00513683946393722 0 0.00332120634685497 0.000208615920059762 0.000129061511863987 0 0.000174436008626452 0.0246244522467825 7.39536611497755e-05 0 0.00760035350534372 0 0.0216000665634346 0 0.0802169309916787 0.0366108555792698 0 0.0022012460092455 0 0 0.000262871578236683 0.00647935307697574 0.00768824568196988 0.00714731057931842 0.00522465930993663 0.00340084017046072 0.0185006883551041 0 0 0.000341831951112816 0.00401662097966929 0 0 0.00093916503379811 0.000331191868923292 0.00220414884404097 0.000152018443090563 0.000239672971232022 0.000235153555143145 0.000197943464664236 0.000239672971232022 0.000202459336134134 3.25643364179881e-05 0.000687189098379156 0.00100838996116029 0.00097703366120285 0.0108607303840732 0.00315809979630875 0 0.00338094572839704 0.000187254246316499 0.000516684445921002 0 0 0 0.0366774005372316 0.00205658518602678 0.000390429517625899 0.000835042727073358 0.000529432661003529 0 0.00159938042316125 0.0024762235892285 0 0.00174504480338964 4.39805707432853e-06 0.000413989319034606 0 0.000264345628789789 0 0 8.54326022452272e-05 0 0 0 0.000146596502584278 2.30239220801814e-05 0.0222989404397716 5.73468067731425e-06 0 0.000133071768148626 0.000166693732431749 0 0.000262068808614091 0.000137821008640459 0.00188073285797562 4.06614577568754e-05 0.0359885958122175 0.0118014372948751 0.000784999829296531 0 0.000810339734317858 0.000114876031551432 0 8.74361088295294e-05 0.00474154683252701 0 0 0 0.000295702781681155 0.000357716602383508 1.2124920904255e-05 0 0 0.00239724275365558 0 7.62332445313696e-05 0 0.0238799996455636 4.78360703170367e-05 0.000406154171066064 0.0930746652729876 0.000116836088588347 0 0 0.000140454317077817 4.06706309082414e-05 0 0.00085561498062498 0 0.000246298297468459 0.000185061156154707 0.00805359187095059 0.0147398031332262 0 0.0358536679232272 0 0 0.0191968495355827 0 0 2.75635157417041e-05 0.000105280427511529 0.0310078157343291 0 0.000309199509542993 0.0546670468962694 0 0.0207459457075519 0.133240795232723 0.0407583630723733 0.00164037293355141 0.0335754307739998 0.00459962659114357 2.60862469953487e-05 0.0233273308239819 0.0134491100515964 0 7.8135767189928e-07
0.0456068503580884 0.0350236953611379 0.0299056858052107 9.26173930328593e-05 0.00149125295468906 0.00198290040080659 0.0635814146686026 0 0.0135920011737345 0.000712067623323853 0.00288979268602043 0 4.19086436716931e-05 0.0196732932226611 0.00190100681209358 0.0654221743200822 0.00606239539860685 0.00191652147136136 0.030581127846802 0 0.000717263393453248 0.161615870117037 0.0290680387207974 0.000996855476825752 0.0569119406152452 0.00418044921942228 8.01114152503695e-05 0 0 0 0 3.77782050361516e-05 0.0106962878744738 0.140315396732631 0.0354916682307069 0.00515772821448922 0.000106313579454836 6.14158315337696e-05 0.000985142250713921 0.0423053160111133 0.014772525836681 0 0 0 0.000170784630330516 0.000223705243505938 4.93408618999774e-06 0 9.7269550487432e-05 0 6.50280613492512e-05 7.91798893740029e-05 8.38904140955071e-05 0.020056808949494 7.9838413336586e-05 0.045762345605379 0 0.000155767236915806 0.000521666656809486 0 0 0.000616664666948683 0.001571813932705 6.57703729136321e-05 0 0.000257060852477026 0.00024049966052203 0.00386623303603611 0.000125959135897905 3.42298568228535e-05 6.61497129637965e-05 0.0336481995256192 0.266842113166054 0 0 0.00068291253723289 0.000264880986876348 4.76918165581669e-05 0.0143359294785971 4.46378405119281e-06 0.000742731645176223 9.66315836354741e-05 0.00235092256018491 0.0327274940364973 0.000442490387598555 0.0575648504440387 0 0.000710323271760391 0 0.00465301566924541 0.00177887266068035 0.00603145710858005 0 0.00257572211714594 0 0.00144962072262286 7.30987110359971e-05 0.000147784350953831 0 5.95810884059409e-05 0.0117739367142341 6.02632163440781e-05 0 0.00476572197789081 0 0.00985367722987038 0 0.0432785811633315 0.01857791289261 0 0.00142463927133161 0 0 0.000131751265870216 0.00266065895565931 0.0278152470819725 0.0585791518703132 0.00399093216862485 0.00183826549407469 0.135787787076549 0 0 0.000181531628814507 0.00293393079685021 0 0 0.000340838324495662 0.000290968736915332 0.00137700234398141 9.70510405203209e-05 0.000238278832995144 0.000196865089803321 0.000110007561586197 0.000238278832995144 0.000153401973756632 6.13740983676498e-05 0.000209662257725622 0.00055604029103077 0.000533285928092572 0.00611583355480284 0.00145277192408923 0 0.0138894017445634 0.000155171284922685 0.000421179380919519 0 0 0 0.0171943028383723 0.000910090755901757 0.000307772634498234 0.000100712136715249 0.000388447148534402 0 0.000786830869995015 0.00164529874084656 0 0.00139976432465641 2.66385036921569e-05 0.000455056268917315 0 0.000128905088891478 0 0 0.00010060321184253 0 0 0 2.04469325937028e-05 0 0.00960057794281337 3.84510222217378e-05 0 7.0138897668896e-05 0.000138024199729644 0 5.68598635090402e-05 7.03364984530632e-05 0.000922595252933999 3.31557059625584e-05 0.0207927402467155 0.00575047752156026 0.000598488818997873 0 0.000515156911065133 3.06780700762238e-05 0 2.21653693515805e-05 0.00178254181504641 0 0 0 0.000128079621780101 0.000256427825948926 1.11443535310139e-05 0 0 0.00109537918686602 0 9.30991001221258e-05 0 0.0116482076372536 4.87185273445117e-05 0.000221051637733212 0.025308156192016 0.000129768376629723 0 0 4.74621897425896e-05 4.46245275719717e-05 0 0.000692998379409126 0 0.000370425326024553 0.000139380357282935 0.00501076800990739 0.00767134293826784 0 0.0195559609205419 0 0 0.00880361009691697 0 0 9.25652484937269e-05 1.42660231735683e-05 0.0136265199816631 0 0.000100769702406586 0.0288263009566873 0 0.014454862951627 0.0457559859148956 0.0189518935112292 0.000688608385069589 0.017332644487224 0.00220300530897504 5.08211326195644e-07 0.0111907341468711 0.0608584016489375 0 0
0.0566661408852231 0.00834366352240938 0.00690126199624374 8.59455018728842e-05 0.000400159867476933 0.000277298488264171 0.0192493402958255 0.0135920011737345 0 0.000321299495371397 0.000409159076953228 0 4.07315958131216e-06 0.00654289120035775 0.000371062178478222 0.0193687895422127 0.00119051136801419 0.000432296194692712 0.0343077341574904 0 0.000158143915441818 0.00672553808603582 0.0295567648894948 0.000279695460385461 0.0173599647084457 0.00124935273208235 2.75464577867256e-05 0 0 0 0 0 0.00304073014275549 0.00519751202854612 0.0122551847329455 0.00160388863764227 8.12852030375583e-06 0 0.000461032757055721 0.0115937072983856 0.00432058083689651 0 0 0 4.59047962093351e-05 0.000125197400596457 0 0 4.13388059196788e-05 0 4.96251884401957e-05 0.000135427798191024 1.5421451028036e-05 0.00445913677002372 0 0.0127596297420006 0 0 0.000142637217084919 0 0 0.00012058875928076 0.000912005577849384 3.55653737758008e-06 0 4.58243887473307e-05 8.16680786249539e-05 0.00113742321524477 1.76441124531624e-05 0 5.21830137862568e-05 0.00135030667246093 0.005062922870444 0 0 7.836464161843e-05 9.49703092731121e-05 0 0.00309536130378529 0 0.000219039940293038 2.30176915480757e-05 0.000930968626185613 0.00932434108545174 0.000124518069332797 0.0176718492131705 0 0.000246331867917404 0 0.00167065443141715 0.000479643998917275 0.00114297490083626 0 0.000598401378174364 0 0.000417981228728379 4.99971879667131e-05 1.11544946099444e-05 0 1.48597224935586e-05 0.00258166858609254 1.99367402545553e-05 0 0.00686750580877243 0 0.00266910445522816 0 0.0161566426489341 0.00410825731546662 0 0.000545916173299805 0 0 6.16010957435751e-05 0.000671622737443185 0.00150019447132987 0.00109517751780347 0.00588270841979094 0.00147380536824144 0.00275013915059339 0 0 8.12494197099625e-05 0.0011762566181994 0 0 9.37335227805042e-06 4.65491289097568e-05 0.00108452451457329 3.29821500601274e-05 0.000132242186720005 0.000122793135943755 0.000104081613229749 0.000132242186720005 5.01441088383012e-05 2.31645791181286e-06 4.11357526490339e-05 0.000298210678780981 0.000137524721112737 0.00217835686018217 0.000524312611991016 0 0.000800093583539918 6.60587973598656e-05 4.84043700818378e-05 0 0 0 0.00347497284320906 0.000163019268990015 8.25678100155963e-05 2.87352721914002e-05 0.000152469059951688 0 0.000233014268819752 0.000600450099886578 0 0.000561181219963084 0 6.77450577470941e-05 0 0.000108018340144676 0 0 0 0 0 0 5.50943240527844e-05 1.86176712218171e-07 0.00304706599374229 0 0 3.3222730931016e-05 0.000153168737430351 0 5.1678767843958e-05 0 0.000208637673769009 0 0.0291801102332413 0.00199607801552781 0.000228548370539952 0 0.00010416675926404 0 0 6.48606979684284e-06 0.000420159289784927 0 0 0 4.06783362480608e-06 5.55570534109754e-05 0 0 0 0.000345381810085809 0 8.88239387221504e-05 0 0.0033976337255112 0 0 0.00659436673058778 1.58454168025051e-05 0 0 0 0.000135017295540773 0 0.000229554005428735 0 5.39945787582574e-05 3.51930797664769e-05 0.0145179053023828 0.00166403874952934 0 0.00414778183087012 0 0 0.00310170778076186 0 0 2.68367778969118e-05 0 0.00447659353542408 0 9.56028495813306e-06 0.00876275830190976 0 0.0243353591477628 0.0127783164741655 0.006042451251279 0.00196021575252245 0.00589753252000847 0.00048978524547795 0 0.00290129616321453 0.0021574856347107 0 0
0.000505698117735973 0.00212845058311367 0.0022351243896003 0.000342433163342865 0.00278346818826832 0 0.000927514861682775 0.000712067623323853 0.000321299495371397 0 0 0 0 0.000155760322628364 0.000201416594458196 0.000710733826764356 4.45769456425517e-05 0.00047156133149274 0.000192787379512601 0 0 6.163934670623e-05 0.000105823555664291 0 0.000613778722908301 0 0 0 0 0 0 0 5.69022357596832e-05 0.000202415794602249 0.000116298299271997 1.358561470442e-06 4.74430511404665e-05 0 2.47108998568404e-05 0.000390864384960184 5.27657901103013e-05 0 0 0 0.000323066835791209 0.000209206943399819 0 0 0.0024368690003091 0 0 4.69994201383949e-07 0 9.30994107283619e-05 0 0.000481143382869825 0 0 6.30590042483564e-06 0 0 0 0.000133788134729539 0 0 0 0.000290675403225746 0 0 0 0 0 0.000108173898543707 0 0 1.99768671077256e-05 0 0 5.84741705782735e-05 0 0 0 2.30756538619799e-06 0.000575115521631667 0 0.000761976451454629 0 0 0 2.76587949226356e-05 0 0.000468414103944936 0 1.99224753675045e-05 0 0.000126576269674839 0 0 0 0.000209592500970339 0.000138672029302301 0 0 5.52656588106376e-05 0 2.01904755293814e-05 0 0.000505661653371089 0.00105970997518636 0 1.01853435526127e-05 0 0 0.000226056673098627 0.000425184417416733 5.62954728313875e-06 3.95720741409297e-05 3.73104592664916e-05 0 1.36121845411422e-06 0 0 0 0.00475358258124038 0 0 0 0.000975682681681347 0 0 0 0.00018359076451575 0 0 0 2.22089794397733e-05 2.15922485292547e-05 0 0.00104033348772887 0.0008878407705428 7.88624238845423e-05 0 0 0 0.000133657263791298 0 0 0 0.000163994276429277 4.46217547372117e-05 0 0 0 0 2.54440677893415e-05 0.000583113130894083 0 0 0 2.30451042051326e-05 0 0.000788203430437637 0 0 0.000132446192154166 0 0 0 0 0 0.000300046660018507 0.000359887441841197 0 0 0 0 2.49588871168994e-05 0 0 0 0.000133297102633507 0 0.000893231107540685 0 0.000328851190319565 0 0 0 0 0 0 0 0 9.31666985008782e-06 0 0 0 0 0 0 0 2.84144266965284e-05 0 0 0.000355466603767327 0 0 0 0 0 0 0 0 0 0 1.2522277059594e-05 4.2329808527904e-05 0 0.000887745884508898 0 0 2.1002974965146e-05 0 0 0 0 4.33082146900845e-05 0 0 0.000279561027926586 0 3.28052768792553e-05 0.000465387615987772 6.53208930822948e-05 0 0.000179681366585165 0 0 0 3.51655495145067e-05 0 0
0.0033558706198822 0.00313433790517339 0.0022209188482421 0 3.94303441848131e-05 0.000199562273113086 0.00951346471500505 0.00288979268602043 0.000409159076953228 0 0 0 0 0.00174557481504587 7.24095728368457e-05 0.0101214941122223 0.000418551311245648 1.17479897003314e-05 0.00182270126519822 0 0 0.00111545351850432 0.00220648537610928 4.45044918122641e-05 0.00892577554281952 0.00045929875061251 0 0 0 0 0 0 0.000843381212175707 0.00159800846535538 0.00372854031159421 0.000385540504120141 0 0 0 0.00734688011242769 0.00133513155871571 0 0 0 0 1.82275003840194e-06 0 0 0 0 0 0 0 0.00162555250354862 0 0.00762670007755548 0 0 7.32198267495198e-05 0 0 1.95113941844675e-05 1.53303322030823e-06 0 0 0 7.10954497213031e-06 0.00035937707849449 0 0 0 0.000567134154988126 0.0011929108955466 0 0 7.28877714362354e-05 2.65913499858259e-05 0 0.00104950439681493 0 0 1.08768221689536e-05 0.000200237869790691 0.00479183257713954 3.30039517863176e-06 0.00935221776473344 0 1.68581163549947e-05 0 0.000332323491718262 0.000126454540597696 0.000417598488057595 0 0.00015266996158116 0 0 0 0 0 0 0.000918759379450319 0 0 0.000310835516465816 0 0.000927324138332663 0 0.00410358007276626 0.00178728142842018 0 4.24804270254352e-05 0 0 0 0.000201065452707552 0.000393703103176572 0.000461912310999848 0.000117435794214371 8.64573793446827e-05 0.000964085522267517 0 0 8.65673588496504e-07 1.95448833962894e-05 0 0 5.92870667162267e-05 0 4.20520911254516e-05 0 0 0 0 0 0 0 1.84855340387713e-05 2.5273014629514e-05 2.53126486809734e-05 0.000614357246713404 7.78480289803136e-05 0 7.41394297054541e-05 0 0 0 0 0 0.00164031848901243 4.57617732656891e-05 3.39533268794187e-07 0 2.26601848018547e-05 0 5.12442105276592e-05 8.60667625239413e-06 0 0.000130073601443407 0 0 0 0 0 0 0 0 0 0 0 0 0.000867015169704103 0 0 0 0 0 0 0 1.53650340427558e-05 0 0.00125283407208758 0.000450257344049658 0 0 9.63317921957677e-05 0 0 0 0.000261239548878058 0 0 0 0 0 0 0 0 3.77481334587575e-05 0 0 0 0.0010624216773481 0 0 0.0037286952330069 0 0 0 0 0 0 0 0 3.91748622373354e-06 0 0.000162987386770873 0.000533313391252424 0 0.00155501827715046 0 0 0.000827946667542866 0 0 0 0 0.00133896290327524 0 0 0.00250067816491201 0 0.00109419631312849 0.00699224661741811 0.00181017486882667 1.56436263393412e-05 0.00132342599992826 0.00010023187402978 0 0.00103755014575379 0.000663593327638891 0 0
0 0 0 0 0 0 0 0 0 0 0 0 0 0 0 0 0 0 0 0 0 0 0 0 0 0 0 0 0 0 0 0 0 0 0 0 0 0 0 0 0 0 0 0 0 0 0 0 0 0 0 0 0 0 0 0 0 0 0 0 0 0 0 0 0 0 0 0 0 0 0 0 0 0 0 0 0 0 0 0 0 0 0 0 0 0 0 0 0 0 0 0 0 0 0 0 0 0 0 0 0 0 0 0 0 0 0 0 0 0 0 0 0 0 0 0 0 0 0 0 0 0 0 0 0 0 0 0 0 0 0 0 0 0 0 0 0 0 0 0 0 0 0 0 0 0 0 0 0 0 0 0 0 0 0 0 0 0 0 0 0 0 0 0 0 0 0 0 0 0 0 0 0 0 0 0 0 0 0 0 0 0 0 0 0 0 0 0 0 0 0 0 0 0 0 0 0 0 0 0 0 0 0 0 0 0 0 0 0 0 0 0 0 0 0 0 0 0 0 0 0 0 0 0 0 0 0 0 0 0 0 0 0 0 0 0 0 0 0 0 0 0
6.9872590244799e-05 0.000325325997205777 0.000208124712186829 0 0 0 0.000183738354368871 4.19086436716931e-05 4.07315958131216e-06 0 0 0 0 4.07315958131216e-06 0 0.000221203564724739 0 0 0.000103491687928796 0 0 3.15699497366731e-06 8.98935460354157e-06 0 6.5292769617285e-05 0 0 0 0 0 0 0 2.93787797003958e-05 6.00749487554161e-05 4.69176942585722e-05 3.15699497366731e-06 0 0 0 0.000194793852176414 1.80654019630839e-05 0 0 0 0 0 0 0 0 0 0 0 0 9.87375280942686e-06 0 0.000142698374330654 0 0 0 0 0 0 0 0 0 0 0.00037448497782697 3.15699497366731e-06 0 0 0 0 1.03779380529342e-05 0 0 0 0 0 0 0 0 0 0 0.00011996346766579 0 0.000177303790408271 0 0 0 0 0 0 0 0 0 0 0 0 0 0 2.93787797003958e-05 0 0 8.34863917181499e-05 0 2.60223548947933e-06 0 4.67575407932419e-05 0.000562525637971791 0 2.93787797003958e-05 0 0 0 0 0 0 0 0 9.87375280942686e-06 0 0 0 0.00855453935878878 0 0 0 0 0 0 0 0 4.94797617074727e-05 0 0 0 0 0 0 0 0 0 0 0 0 0 0 0 3.61464083635417e-05 0 0 0 0 0 8.34863917181499e-05 0 0 1.72876235237522e-05 0 0 0 0 0 0 0 0 0 0 0 0 0 0 0 0 0 0 0 0 0 0 3.15699497366731e-06 0 0 0 0 0 0 0 0 0 0 0 0 0 0 0 0 0 0 0 0 3.15699497366731e-06 0 0 9.57717262570407e-05 0 0 0 0 0 0 0 0 0 0 0 0 0 6.75322916177788e-05 0 0 0 0 0 0 0 0 0 0 4.42721261630476e-05 0 0 0.000107022839246423 3.34622958088278e-06 0 3.69851765908361e-05 3.18303752479689e-05 0 0 0 0 0
0.0341589323070468 0.0203429331003867 0.017165760466197 0 0.000354828348314176 0.00833145950813584 0.0424728458694888 0.0196732932226611 0.00654289120035775 0.000155760322628364 0.00174557481504587 0 4.07315958131216e-06 0 0.00103244949469884 0.0414278703773176 0.0021061059962873 0.000748143104450871 0.0204384329181161 0 0.000248805589671847 0.00876064781366597 0.0312136906475308 0.000381728104736012 0.0369832845908782 0.0163356680967132 4.82990622317302e-05 0 0 0 0 0 0.0159185754569945 0.0103226198497922 0.0453201851165413 0.00697365227027186 4.61042068683102e-06 7.17655644354988e-06 0.000153658965720767 0.0284400636650433 0.0560175296170464 0 0 0 0 0.000103599191546734 0 0 1.08607304740816e-05 0 0 1.5233632443528e-06 5.82348729295887e-05 0.0118295689824648 1.57825559525979e-06 0.0298946708851362 0 8.34863917181499e-05 0.000270228492722241 0 0 0.000286377365512529 0.000434478423727065 5.10888535828352e-05 0 4.30613133658957e-05 5.31982240282251e-05 0.00555235392795675 2.23924063687936e-05 2.6782211832638e-05 8.34863917181499e-05 0.00335139771176492 0.0100763063821027 0 0 0.000356268488223361 9.23872973839501e-05 0 0.0106352214651518 4.46378405119281e-06 0.000421173513845963 0.000144713383397434 0.00598283128334722 0.021374590371009 0.000223733174539389 0.0376540149440079 0 0.000163273594615687 0 0.004517543321786 0.00120213545740003 0.00410402726718978 0 0.0039752907292563 0 0.000801836400122969 3.60077527830366e-05 0 0 0 0.00950580920305361 3.65167638349408e-05 0 0.00361300941643847 0 0.0120824338927869 0 0.0411871558419993 0.0141366288239008 0 0.00105557754136163 0 0 0 0.00181200681717117 0.00289171950383146 0.00238416313527558 0.0015161425567422 0.00154003216585574 0.00574146860937971 0 0 0.000105780943560376 0.000409658197205842 0 0 0.000191752877690456 5.27687961893265e-05 0.000800952910427543 7.05670792345286e-06 1.44243535452641e-05 2.51399482557315e-05 1.7197995362327e-05 1.44243535452641e-05 2.17300989878438e-05 9.78922665660064e-06 0.000125432493308706 5.02713068790249e-05 0.000195620935453205 0.0149769275656477 0.00156166767358057 0 0.000993331696193157 3.31837788312402e-05 9.72029023490479e-05 0 0 0 0.0153450110234431 0.000478402077067638 8.66778903665725e-05 5.32795004710635e-05 0.000481924725550817 0 0.000811505005185092 0.000263752338379512 0 0.000770712289995041 4.26817003628891e-06 1.06136383496479e-05 0 1.41285928444638e-05 0 0 0 0 0 0 0 0 0.0367705512799197 5.93237532313744e-07 0 0 1.83013744600837e-05 0 4.20569736180022e-06 0 0.000583583598851844 3.33406090817714e-06 0.0162081905794848 0.00487377194249604 6.45488555690633e-05 0 0.000135736465497744 8.26705719981203e-07 0 0 0.00132942211271559 0 0 0 6.97825308661638e-05 4.00849743460288e-05 1.94333772854524e-06 0 0 0.000684289127894687 0 0 0 0.0127203955963535 0 0.000249756614355923 0.0161943009637449 0 0 0 3.66489211218346e-05 0 0 0.000243382813598837 0 5.48457427256626e-05 0 0.00281133271804915 0.0053888512655647 0 0.0123041454591871 0 0 0.00907290568914679 0 0 2.5687956971173e-06 0 0.0188745458254445 0 7.08638989734452e-05 0.0334326230592279 0 0.0104287980025465 0.0304057344060848 0.0217269906435997 0.00114490991105733 0.0162529462487808 0.0017584339816356 1.18900005952973e-06 0.0155960627455116 0.00391588484679263 0 0
0.00212566253553895 0.0113573032478536 0.0092765698785317 0.000180078173977502 0 7.05384793513425e-05 0.00374776556980465 0.00190100681209358 0.000371062178478222 0.000201416594458196 7.24095728368457e-05 0 0 0.00103244949469884 0 0.00374575661555023 0.000152129756953467 0 0.000920829353071988 0 0.000134832355344291 0.000622435755859924 0.00160173313373702 0 0.00341469513708782 0.000285127697416258 0.000126756691826602 0 0 0 0 0 0.000931899920148455 0.0010570167844448 0.00245388336797564 0.000392170229536883 0 0 8.64607681101707e-05 0.00241973594360226 0.00100481140215994 0 0 0 0 0 0 0 0 0 0 0 0 0.00204090360387315 0 0.00308898148076945 0 0 0 0 0 2.49253296743099e-05 2.91570861015491e-05 0 0 0 0 0.000215136274422377 0 0 0 0.000429262443631154 0.000637748354298267 0 0 0.000115317579154562 0 0 0.00094055492872293 0 0.000219802977807621 0.000112782986938955 0.000193827461133876 0.0015642170567463 0 0.00428941957757648 0 0.000256975764516514 0 0.000290260943831044 9.48195881314767e-05 0.00980089457568356 0 0.000545916411312862 0 1.40869365246221e-05 0 0 0 0.000199538555118171 0.000545750619169745 0 0 0.000102239862171313 0 0.000577789506721107 0 0.00345926406107883 0.00625042622240037 0 5.40345915974318e-05 0 0 0 0.00131840988324599 0.000325871687618173 0.000128743330290308 1.10599710050169e-05 0.000108832724686259 0.000400572802134316 0 0 8.89370810362411e-05 0.000611623987062776 0 0 6.63781368419351e-05 0 7.87846941151589e-05 0 2.28602874645744e-05 1.22147274941279e-05 0 2.28602874645744e-05 0 0 0.000395841619016131 0 0.000710325583412315 0.00184583268666183 0.000380839320987246 0 0.000121476527906259 0 0 0 0 0 0.00114280004044786 0.000137034564169088 0 0 0 0 0 1.58824118285991e-06 0 0 0 0.000140299520617269 0 0 0 0 0 0 0 0 0 0 0.0007137200501672 0 0 0 0 0 0 0 0 0 0.000998061467520006 0.000647458790466705 0.000180078173977502 0 0 0 0 0 0.000255248623999631 0 0 0 3.69501027049917e-05 0 0 0 0 0 0 0 0 0.000624869272593679 0 0 0.00181008752064722 0 0 0 0 0 0 0 0 0 0 0.000102177732098999 0.00039537956793686 0 0.00697212891126497 0 0 0.000179663340343566 0 0 0 0 0.000570202833234309 0 0 0.00176954927214882 0 0.000542801798189167 0.00265731454552536 0.00122718535860471 6.57587285453836e-06 0.00118135856065056 0.00142778128295846 0.000179627580983659 0.000690269484707792 0.000463473864422793 0 0
